#Data points for cluster: 0
477.000000 2010.000000
1959.000000 466.000000
1026.000000 1532.000000
912.000000 2665.000000
437.000000 409.000000
2335.000000 823.000000
371.000000 2029.000000
840.000000 1372.000000
1084.000000 2179.000000
1562.000000 317.000000
1238.000000 1262.000000
506.000000 2563.000000
247.000000 535.000000
1497.000000 1805.000000
150.000000 404.000000
2263.000000 1503.000000
1501.000000 155.000000
1246.000000 1321.000000
510.000000 1311.000000
2229.000000 1278.000000
2074.000000 928.000000
315.000000 1887.000000
136.000000 939.000000
576.000000 35.000000
1446.000000 888.000000
1755.000000 1710.000000
925.000000 700.000000
138.000000 1397.000000
1690.000000 704.000000
1588.000000 1865.000000
778.000000 283.000000
2463.000000 816.000000
827.000000 322.000000
339.000000 1953.000000
526.000000 1516.000000
1139.000000 1204.000000
2035.000000 664.000000
788.000000 1075.000000
1371.000000 2137.000000
413.000000 1140.000000
2292.000000 80.000000
1381.000000 2163.000000
950.000000 700.000000
1398.000000 70.000000
1315.000000 1856.000000
1742.000000 502.000000
261.000000 2884.000000
1254.000000 2313.000000
352.000000 354.000000
1952.000000 1523.000000
2319.000000 225.000000
1448.000000 2180.000000
841.000000 1668.000000
2491.000000 151.000000
379.000000 1779.000000
1554.000000 125.000000
1966.000000 1176.000000
2212.000000 977.000000
